1.92933
1.66683
1.51299
1.40892
1.35129
1.26086
1.17711
1.08965
1.04074
0.98105
0.91028
0.849683
0.8206
0.784673
0.756923
0.764811
0.698359
0.675926
0.663916
0.580134
0.601802
0.526003
0.549078
0.559164
0.516405
0.529307
0.503837
0.513536
0.511778
0.554451
0.485743
0.482269
0.466835
0.48053
0.508377
0.502457
0.44907
0.430098
0.42511
0.448547
0.409048
0.415231
0.425963
0.395068
0.412068
0.390463
0.412111
0.390665
0.38089
0.395902
0.326056
0.350658
0.394037
0.377455
0.346815
0.383973
0.369247
0.38692
0.386105
0.366723
0.42305
0.369502
0.382878
0.352193
0.323265
0.320806
0.291191
0.357559
0.323892
0.365994
0.352432
0.310824
0.309558
0.302436
0.318841
0.348758
0.317038
0.29547
0.30803
0.343994
