77 87 87 392 34 739 98 587 311 698 4168 5588 3729 174 329 2093 
329 32 123 146 698 554 1568 1319 1480 698 659 34 1245 369 34 58 
329 32 123 146 698 554 1568 1319 1480 698 659 34 1245 369 34 58 
987 2489 3520 739 73 164 138 1175 87 2794 4699 2794 3322 6272 4978 7040 
4699 3520 349 233 392 293 440 587 311 698 4168 5588 3322 6272 4978 7040 
4699 3520 349 233 392 293 440 587 311 698 4168 5588 3322 6272 4978 7040 
4699 3520 349 233 392 293 440 587 311 698 4168 5588 3322 6272 4978 7040 
4699 3520 349 233 392 293 440 587 311 698 4168 5588 3322 6272 4978 7040 
987 2489 3520 2960 2637 987 554 493 1319 698 3520 5588 3322 6272 4978 7040 
987 2489 3520 2960 2637 987 554 493 1319 698 3520 5588 3322 6272 4978 7040 
554 2489 3520 739 392 293 440 587 311 698 3520 5588 4978 6272 4978 7040 
554 2489 3520 739 392 293 440 587 311 698 3520 5588 4978 6272 4978 7040 
38 2489 3520 2960 2637 293 440 587 311 698 3520 5588 4978 6272 4978 7040 
3520 2489 3520 2960 2637 587 440 293 311 698 3520 5588 4978 6272 4978 7040 
3520 2489 3520 2960 2637 587 440 293 311 698 3520 5588 4978 6272 4978 7040 
3520 2489 3520 2960 2637 587 440 293 311 698 3520 5588 4978 6272 4978 7040 
3520 2489 3520 2960 2637 587 440 293 311 698 3520 3520 4978 6272 4978 7040 
3520 2489 3520 2960 2637 587 440 293 311 698 3520 3520 4978 6272 4978 7040 
3520 2960 3520 2637 2637 587 440 293 311 698 3520 3520 3322 6272 4978 7040 
3520 3520 3520 2637 2960 587 440 293 311 698 2489 5588 4978 6272 4978 7040 
3520 2960 3520 2637 2637 587 440 293 311 698 3520 3520 4978 6272 4978 7040 
3520 2960 3520 2637 2637 587 440 293 311 698 3520 5588 4978 4978 6272 7040 
3520 2960 3520 2637 2637 587 440 293 311 698 3520 5588 4978 4978 6272 7040 
3520 2960 3520 2637 2637 587 440 293 311 698 3520 5588 4978 4978 6272 7040 
3520 2960 3520 2637 2637 587 440 293 311 698 3520 5588 4978 4978 6272 7040 
3520 2960 3520 2637 2637 587 440 293 311 698 3520 5588 4978 4978 6272 7040 
3520 2960 3520 2637 2637 587 440 293 311 698 3520 5588 4978 4978 6272 7040 
3520 2960 3520 2637 2637 587 440 293 311 698 3520 5588 4978 4978 6272 7040 
3520 2960 3520 2637 2637 587 440 293 311 698 3520 5588 4978 4978 6272 7040 
3520 3520 3520 2637 2637 587 440 293 311 698 3520 3520 4978 6272 4978 5588 
3520 3520 3520 2637 2637 587 440 293 311 698 3520 3520 4978 6272 4978 5588 
3520 3520 3520 2637 2637 587 440 293 293 698 3520 3520 3520 6272 5588 4978 
3520 3520 3520 2637 2637 587 440 293 293 698 3520 3520 3520 6272 5588 4978 
3520 3520 3520 2637 2637 587 440 311 293 698 3520 3520 3520 6272 5588 4978 
3520 3520 3520 2637 2637 587 440 293 293 698 3520 3520 4978 5588 4978 5588 
3520 3520 3520 2637 2637 587 440 293 293 698 3520 3520 4978 5588 5588 4978 
3520 3520 3520 2637 2637 587 440 293 293 698 3520 3520 4978 5588 5588 4978 
3520 3520 3520 2637 2637 587 440 293 311 698 3520 3520 4978 5588 5588 4978 
3520 3520 3520 2637 2637 587 440 293 311 698 3520 3520 4978 5588 5588 4978 
3520 3520 3520 2637 2637 587 440 293 311 698 3520 3520 4978 5588 5588 4978 
3520 3520 3520 3520 2637 587 440 293 311 698 3520 3520 4978 5588 5588 4978 
3520 3520 3520 2637 2637 2637 440 293 311 698 3520 3520 4978 5588 5588 4978 
3520 3520 3520 2637 2637 2637 440 293 311 698 3520 3520 4978 5588 5588 4978 
3520 3520 3520 2637 2637 2637 440 293 311 698 3520 3520 4978 5588 5588 5588 
3520 3520 3520 2637 2637 2637 440 293 311 698 3520 3520 4978 5588 5588 5588 
3520 3520 3520 2637 2637 2637 440 293 311 698 3520 3520 4978 5588 5588 5588 
3520 3520 3520 2637 2637 2637 440 293 311 698 3520 3520 4978 5588 5588 5588 
3520 3520 3520 2637 2637 2637 440 293 311 698 3520 3520 4978 5588 5588 5588 
3520 3520 3520 2637 2637 2637 440 293 311 698 3520 3520 4978 5588 5588 5588 
3520 3520 3520 3520 2637 587 440 293 311 2637 3520 3520 4978 5588 5588 5588 
3520 3520 3520 3520 2637 587 440 293 311 2637 3520 3520 4978 5588 5588 5588 
3520 3520 3520 3520 2637 587 440 293 311 2637 3520 3520 4978 5588 5588 5588 
3520 3520 3520 2637 2637 2637 440 293 311 2637 3520 3520 4978 5588 5588 5588 
3520 3520 3520 2637 2637 2637 440 293 311 2637 3520 3520 4978 5588 5588 5588 
3520 3520 3520 2637 2637 2637 440 293 311 2637 3520 3520 4978 5588 5588 5588 
3520 3520 3520 3520 2637 2637 440 293 311 2637 3520 3520 4978 5588 5588 5588 
3520 3520 3520 3520 2637 2637 440 293 311 2637 3520 3520 4978 5588 5588 5588 
3520 3520 3520 3520 2637 2637 440 293 311 2637 3520 3520 4978 5588 5588 5588 
3520 3520 3520 3520 2637 2637 440 293 311 2637 3520 3520 4978 5588 5588 5588 
3520 3520 3520 3520 2637 2637 440 293 311 2637 3520 3520 4978 5588 5588 5588 
3520 3520 3520 3520 2637 2637 440 293 311 2637 3520 3520 4978 5588 5588 5588 
3520 3520 3520 3520 2637 2637 440 293 311 2637 3520 3520 4978 5588 5588 5588 
3520 3520 3520 3520 2637 2637 440 293 311 2637 3520 3520 4978 5588 5588 5588 
3520 3520 3520 3520 2637 2637 440 293 311 2637 3520 3520 4978 5588 5588 5588 
3520 3520 3520 3520 2637 2637 440 293 311 2637 3520 3520 4978 5588 5588 5588 
3520 3520 3520 3520 2637 2637 440 293 311 3520 3520 3520 4978 5588 5588 5588 
3520 3520 3520 3520 2637 2637 440 293 311 3520 3520 3520 4978 5588 5588 5588 
3520 3520 3520 3520 2637 2637 440 293 311 3520 3520 3520 4978 5588 5588 5588 
3520 3520 3520 3520 2637 2637 440 293 311 3520 3520 3520 4978 5588 5588 5588 
3520 3520 3520 3520 2637 2637 440 293 311 3520 3520 3520 4978 5588 5588 5588 
3520 3520 3520 3520 2637 2637 440 293 311 3520 3520 3520 4978 5588 5588 5588 
3520 3520 3520 3520 2637 2637 440 293 311 3520 3520 3520 4978 5588 5588 5588 
3520 3520 3520 3520 2637 2637 440 293 311 3520 3520 3520 4978 5588 5588 5588 
3520 3520 3520 3520 2637 2637 440 293 2637 2637 3520 3520 4978 5588 5588 5588 
3520 3520 3520 3520 3520 2637 440 293 2637 2637 3520 3520 4978 5588 5588 5588 
3520 3520 3520 3520 3520 2637 440 293 2637 2637 3520 3520 4978 5588 5588 5588 
3520 3520 3520 3520 3520 2637 440 293 2637 2637 3520 3520 4978 5588 5588 5588 
3520 3520 3520 3520 3520 2637 440 293 2637 2637 3520 3520 4978 5588 5588 5588 
3520 3520 3520 3520 3520 2637 440 293 2637 2637 3520 3520 4978 5588 5588 5588 
3520 3520 3520 3520 3520 2637 440 293 2637 2637 3520 3520 4978 5588 5588 5588 
