1.20807
1.06848
1.06848
0.803284
0.751866
0.751866
0.751866
0.751866
0.662042
0.662042
0.620146
0.620146
0.577055
0.513183
0.513183
0.513183
0.495807
0.495807
0.494138
0.467319
0.462323
0.397576
0.397576
0.397576
0.397576
0.397576
0.397576
0.397576
0.397576
0.383112
0.383112
0.374795
0.374795
0.374634
0.341449
0.320069
0.320069
0.319935
0.319935
0.319935
0.31347
0.305316
0.305316
0.281099
0.281099
0.281099
0.281099
0.281099
0.281099
0.276407
0.276407
0.276407
0.269604
0.269604
0.269604
0.264675
0.264675
0.264675
0.264675
0.264675
0.264675
0.264675
0.264675
0.264675
0.264675
0.259923
0.259923
0.259923
0.259923
0.259923
0.259923
0.259923
0.259923
0.252514
0.248185
0.248185
0.248185
0.248185
0.248185
0.248185
